test/testfiles/small_world.asc
ncols        400
nrows        200
xllcorner    -180.000000000000
yllcorner    -90.000000000000
cellsize     0.900000000000
NODATA_value  -9999
[rows 0 to 54 of 200, columns 192 to 287 of 400]
11 11 11 11 11 11 11 11 11 11 11 11 11 11 11 11 11 11 11 11 11 11 11 11 11 11 11 11 11 11 11 11 11 11 11 11 11 11 11 11 11 11 11 11 11 11 11 11 11 11 11 11 11 11 11 11 11 11 11 11 11 11 11 11 11 11 11 11 11 11 11 11 11 11 11 11 11 11 11 11 11 11 11 11 11 11 11 11 11 11 11 11 11 11 11 11
11 11 11 11 11 11 11 11 11 11 11 11 11 11 11 11 11 11 11 11 11 11 11 11 11 11 11 11 11 11 11 11 11 11 11 11 11 11 11 11 11 11 11 11 11 11 11 11 11 11 11 11 11 11 11 11 11 11 11 11 11 11 11 11 11 11 11 11 11 11 11 11 11 11 11 11 11 11 11 11 11 11 11 11 11 11 11 11 11 11 11 11 11 11 11 11
11 11 11 11 11 11 11 11 11 11 11 11 11 11 11 11 11 11 11 11 11 11 11 11 11 11 11 11 11 11 11 11 11 11 11 11 11 11 11 11 11 11 11 11 11 11 11 11 11 11 11 11 11 11 11 11 11 11 11 11 11 11 11 11 11 11 11 11 11 11 11 11 11 11 11 11 11 11 11 11 11 11 11 11 11 11 11 11 11 11 11 11 11 11 11 11
11 11 11 11 11 11 11 11 11 11 11 11 11 11 11 11 11 11 11 11 11 11 11 11 11 11 11 11 11 11 11 11 11 11 11 11 11 11 11 11 11 11 11 11 11 11 11 11 11 11 11 11 11 11 11 11 11 11 11 11 11 11 11 11 11 11 11 11 11 11 11 11 11 11 11 11 11 11 11 11 11 11 11 11 11 11 11 11 11 11 11 11 11 11 11 11
11 11 11 11 11 11 11 11 11 11 11 11 11 11 11 11 11 11 11 11 11 11 11 11 11 11 11 11 11 11 11 11 11 11 11 11 11 11 11 11 11 11 11 11 11 11 11 11 11 11 11 11 11 11 11 11 11 11 11 11 11 11 11 11 11 11 11 11 11 11 11 11 11 11 11 11 11 11 11 11 11 11 11 11 11 11 11 11 11 11 11 11 11 11 11 11
11 11 11 11 11 11 11 11 11 11 11 11 11 11 11 11 11 11 11 11 11 11 11 11 11 11 11 11 11 11 11 11 11 11 11 11 11 11 11 11 11 11 11 11 11 11 11 11 11 11 11 11 11 11 11 11 11 11 11 11 11 11 11 11 11 11 11 11 11 11 11 11 11 11 11 11 11 11 11 11 11 11 11 11 11 11 11 11 11 11 11 11 11 11 11 11
11 11 11 11 11 11 11 11 11 11 11 11 11 11 11 11 11 11 11 11 11 11 11 11 11 11 11 11 11 11 11 11 11 11 11 11 11 11 11 11 11 11 11 11 11 11 11 11 11 11 11 11 11 11 11 11 11 11 11 11 11 11 11 11 11 11 11 11 11 11 11 11 11 11 11 11 11 11 11 11 11 11 11 11 11 11 11 11 11 11 11 11 11 11 11 11
11 11 11 11 11 11 11 11 11 11 11 11 11 11 11 11 11 11 11 11 11 11 11 11 11 11 11 11 11 11 11 11 11 11 11 11 11 11 11 11 11 11 11 11 11 11 11 11 11 11 11 11 11 11 11 11 11 11 11 11 11 11 11 11 11 11 11 11 11 11 11 11 11 11 11 11 11 11 11 11 11 11 11 11 11 11 11 11 11 11 11 11 11 11 11 11
11 11 11 11 11 11 11 11 11 11 11 11 11 11 11 11 11 11 11 11 11 11 11 11 11 11 11 11 11 11 11 11 11 11 11 11 11 11 11 11 11 11 11 11 11 11 11 11 11 11 11 11 11 11 11 11 11 11 11 11 11 11 11 11 11 11 11 11 11 11 11 12 7 14 11 12 11 14 9 11 11 11 11 11 11 11 11 11 11 11 11 11 11 11 11 11
11 11 11 11 11 11 11 11 11 11 11 11 11 11 11 11 11 11 11 11 11 11 11 11 11 11 11 11 7 14 8 12 18 9 16 17 10 10 11 11 11 11 11 11 11 11 11 11 11 11 11 11 11 11 11 11 7 13 5 9 10 8 8 13 10 12 17 9 12 1 4 145 49 8 5 10 81 108 31 11 6 11 11 11 11 11 11 11 11 11 11 11 11 11 11 11
11 11 11 11 11 11 11 11 11 11 11 11 11 11 11 11 11 11 11 11 11 11 11 11 11 10 10 20 0 7 21 7 15 6 3 7 10 10 11 11 11 11 11 11 11 11 11 11 11 11 11 11 11 11 11 11 11 25 97 207 66 123 200 217 186 11 6 43 60 135 196 93 46 74 250 249 230 90 149 24 21 11 11 11 11 11 11 11 11 11 11 11 11 11 10 9
11 11 11 11 11 11 11 11 11 11 11 11 11 11 11 11 11 11 11 11 121 115 54 33 88 83 249 230 72 112 84 132 222 251 255 245 240 49 11 8 10 10 11 11 11 11 11 11 11 11 11 11 11 11 11 11 11 11 11 11 16 9 11 13 0 7 6 11 15 15 0 8 7 0 8 10 12 11 11 11 11 11 11 11 11 11 11 11 11 11 11 11 5 6 11 11
11 11 11 11 11 11 11 11 11 11 11 11 11 11 11 11 11 11 11 4 14 184 249 188 152 127 190 238 230 255 236 125 0 9 6 14 9 42 9 40 46 15 11 11 11 11 11 11 11 11 11 11 11 11 11 11 11 11 11 11 15 9 6 13 14 15 8 14 9 11 11 8 11 8 16 10 11 11 11 11 11 11 11 11 11 11 11 11 11 11 11 11 9 16 8 11
11 11 11 11 11 11 11 11 11 11 11 11 11 11 11 11 11 11 11 15 17 8 10 136 117 99 153 155 98 7 17 80 203 135 24 5 17 14 8 12 12 11 11 11 11 11 11 11 11 11 11 11 11 11 11 11 11 11 11 11 11 11 11 11 11 11 11 11 11 11 11 11 11 11 11 11 11 11 11 11 11 11 11 11 11 11 11 11 11 11 11 11 11 11 11 11
11 11 11 11 11 11 11 11 11 11 11 11 11 11 11 11 11 11 11 11 11 11 11 11 52 189 211 36 11 11 11 10 10 18 5 12 9 14 11 11 11 11 11 11 11 11 11 11 11 11 11 11 11 11 11 11 11 11 11 11 11 11 11 11 11 11 11 11 11 11 11 11 11 11 9 16 4 14 15 12 5 7 0 23 9 6 11 11 11 11 11 11 11 11 11 11
11 11 11 11 11 11 11 11 11 11 11 11 11 11 11 11 11 11 11 11 11 11 11 11 11 9 11 15 11 11 11 10 12 11 11 8 9 14 11 11 11 11 11 11 11 11 11 11 11 11 11 11 11 11 11 11 11 11 11 11 11 11 11 11 11 11 11 11 11 11 11 11 11 11 5 5 221 137 193 244 233 247 235 129 0 7 11 11 11 11 11 11 11 11 11 11
11 11 11 11 11 11 11 11 11 11 11 11 11 11 11 11 11 11 11 11 11 11 11 11 11 11 11 11 11 11 11 11 11 11 11 11 11 11 11 11 11 11 11 11 11 11 11 11 11 11 11 11 11 11 11 11 11 11 11 11 11 11 11 11 11 11 11 11 11 11 12 103 222 254 247 232 159 3 15 10 11 10 12 11 11 11 11 11 11 11 11 11 11 11 11 12
11 11 11 11 11 11 11 11 11 11 11 11 11 11 11 11 11 11 11 11 11 11 11 11 11 11 11 11 11 11 11 11 11 11 11 11 11 11 11 11 11 11 11 11 11 11 11 11 11 11 11 11 11 11 11 11 11 11 11 11 11 11 11 11 11 11 9 7 5 36 186 152 131 9 5 11 11 11 11 11 11 11 11 11 11 10 9 16 12 11 11 8 8 6 11 8
11 11 11 11 11 11 11 11 11 11 11 11 11 11 11 11 11 11 11 11 11 11 11 11 11 11 11 11 11 11 11 11 11 11 11 11 11 11 11 11 11 11 11 11 11 11 11 11 11 11 11 11 11 11 11 11 11 11 11 11 11 11 11 11 11 11 10 0 75 102 172 27 5 14 10 11 11 11 11 11 11 11 11 11 11 10 73 32 12 11 11 13 51 20 11 14
11 11 11 11 11 11 11 11 11 11 11 11 11 11 11 11 11 11 11 11 11 11 11 11 11 11 11 11 11 11 11 11 11 11 11 11 11 11 11 11 11 11 11 11 11 11 11 11 11 11 11 11 11 11 11 11 11 11 11 11 11 11 11 11 14 13 20 91 194 113 5 11 11 11 11 11 11 11 11 11 11 11 11 9 25 89 92 91 81 16 3 80 3 21 60 25
11 11 11 11 11 11 11 11 11 11 11 11 11 11 11 11 11 11 11 11 11 11 11 11 11 11 11 11 11 11 11 8 13 14 8 22 13 9 5 13 3 15 10 10 11 11 11 11 11 11 11 11 11 11 11 11 11 11 11 11 11 11 11 11 8 61 90 112 94 88 14 9 14 12 10 11 11 11 11 11 11 17 9 28 93 101 104 100 61 54 98 78 99 104 82 81
11 11 11 11 11 11 11 11 11 11 11 11 11 11 11 11 11 11 11 11 11 11 11 11 11 11 11 11 11 11 11 12 14 31 33 77 45 73 84 30 64 31 12 13 11 11 11 11 11 11 11 11 11 11 11 11 11 11 11 11 11 11 11 11 10 12 11 22 77 89 57 77 16 3 12 11 11 11 11 11 11 14 61 83 76 88 94 93 76 47 76 84 86 72 67 80
11 11 11 11 11 11 11 11 11 11 11 11 11 11 11 11 11 11 11 11 11 11 11 11 13 12 9 7 6 40 37 41 56 56 70 97 74 69 68 68 57 26 17 38 12 8 7 10 12 8 11 11 11 11 11 11 11 11 11 11 11 11 7 13 11 11 11 9 15 11 11 11 8 39 78 27 26 14 5 11 15 13 81 66 62 85 69 73 67 23 84 63 72 80 82 78
11 11 11 11 11 11 11 11 11 11 11 11 11 11 11 11 11 11 11 11 11 11 11 11 17 40 18 19 51 40 70 89 58 51 85 62 49 48 26 37 48 42 56 47 51 49 66 70 52 5 11 11 11 11 11 11 11 11 11 11 11 19 83 65 11 11 11 25 45 23 11 11 9 31 15 23 78 86 81 61 73 57 10 6 65 68 70 64 50 20 12 13 28 38 75 77
11 11 11 11 11 11 11 11 11 11 11 11 11 11 11 11 11 11 11 11 12 12 22 32 7 24 44 75 82 60 49 53 52 48 49 46 43 40 41 57 48 49 44 48 50 40 45 60 63 70 57 61 19 7 8 8 0 69 61 57 7 6 6 29 71 60 71 38 64 71 64 66 68 64 70 71 63 69 64 71 71 91 80 67 61 75 76 52 70 34 11 90 87 70 46 63
11 11 11 11 11 11 11 11 11 11 11 11 11 11 11 11 11 11 11 11 11 11 12 6 59 75 89 85 47 42 43 44 48 47 43 43 43 45 42 47 47 49 42 38 25 47 47 53 54 53 54 54 66 56 9 7 7 60 55 1 16 60 67 55 53 50 47 56 59 61 62 58 52 59 66 72 60 73 66 69 87 76 72 70 59 68 69 65 43 20 72 71 82 68 49 79
11 11 11 11 11 11 11 11 11 11 11 11 11 11 11 11 11 11 11 11 11 17 33 45 66 83 62 37 45 43 43 44 45 39 42 44 46 40 43 34 37 28 20 27 39 33 8 11 20 29 43 44 20 2 43 49 34 44 46 47 44 44 38 45 48 42 47 42 46 44 44 48 40 43 51 48 48 64 89 58 61 41 49 54 59 73 66 68 59 64 61 75 75 79 66 64
11 11 11 11 11 11 11 11 11 11 11 11 11 11 11 11 11 11 11 12 5 30 80 79 59 50 34 45 41 42 45 47 10 12 12 13 41 49 43 42 44 40 35 47 39 47 17 12 10 11 10 10 35 46 49 39 52 53 51 46 49 47 41 42 41 46 41 43 42 42 47 42 42 39 71 70 69 47 50 47 43 52 47 58 56 65 64 68 58 56 61 58 61 52 44 59
11 11 11 11 11 11 11 11 11 11 11 11 11 11 11 11 12 11 15 15 32 43 70 55 36 38 40 43 39 40 36 43 13 14 10 42 43 48 34 40 37 29 40 32 52 34 46 19 10 29 45 35 39 39 45 39 42 53 45 44 32 42 49 37 37 42 43 41 42 43 38 37 37 45 38 39 49 49 48 50 38 35 46 48 54 54 59 51 47 58 48 55 59 45 60 43
11 11 11 11 11 11 11 11 11 11 11 11 11 11 11 11 12 39 22 30 41 56 40 39 38 37 37 35 34 32 13 11 5 48 40 40 33 43 45 41 33 36 31 43 31 48 16 42 37 40 41 38 39 45 43 32 37 35 41 32 39 30 34 31 39 47 40 41 39 41 42 40 31 63 32 40 34 44 42 39 40 40 41 44 46 46 49 36 46 40 45 51 52 39 39 37
9 8 11 11 11 11 11 11 11 11 11 11 11 11 13 26 29 60 65 69 63 68 48 49 31 33 32 36 9 12 11 37 39 48 44 38 31 25 28 26 35 38 31 40 34 26 19 23 42 47 41 36 37 33 44 41 44 30 29 32 29 38 37 35 42 44 42 34 32 32 45 45 29 31 33 41 40 48 48 38 34 45 44 43 41 46 38 30 24 28 40 36 43 49 46 54
24 11 11 11 11 12 9 7 11 11 11 11 11 30 54 80 137 66 43 70 61 53 47 51 36 36 32 12 11 11 11 9 29 39 25 32 17 13 33 28 20 23 30 32 33 33 12 5 39 29 30 37 32 36 27 40 24 33 48 49 33 42 40 34 43 42 33 36 33 38 40 39 28 39 35 38 41 42 46 41 42 48 37 39 44 48 49 25 32 41 39 46 40 41 45 47
11 10 11 11 11 11 10 10 11 11 11 11 11 31 74 78 108 63 41 38 38 40 41 39 29 32 34 7 11 11 11 3 33 56 35 40 46 46 35 35 29 30 11 10 35 31 33 30 32 30 38 44 32 32 34 34 33 36 31 40 31 38 29 36 36 32 38 34 30 37 31 33 30 39 37 36 38 38 43 51 38 47 44 36 31 33 39 41 46 41 46 42 49 46 43 45
11 11 11 11 13 13 35 12 11 11 11 11 11 18 22 121 80 58 39 32 41 33 31 35 36 32 38 47 42 15 25 7 12 35 36 20 7 10 12 8 12 37 29 50 38 30 33 38 40 23 38 38 37 36 35 32 34 34 34 37 37 33 30 31 36 33 41 34 42 41 45 36 43 43 35 34 41 41 31 52 44 42 54 44 45 31 39 37 36 41 39 38 40 39 36 52
13 11 7 5 49 14 11 11 11 11 11 11 11 12 28 65 43 39 29 17 44 26 26 15 47 40 43 42 14 12 11 13 9 18 49 49 46 48 17 39 34 41 39 42 40 37 44 40 53 47 43 38 46 33 35 38 35 33 35 41 39 41 47 44 40 38 35 36 52 48 26 33 35 41 38 37 34 33 35 37 44 46 42 40 36 40 39 34 36 38 38 35 44 39 37 41
65 5 76 67 0 8 11 11 11 11 11 11 11 11 11 28 30 12 10 8 17 35 53 50 38 38 36 9 4 13 11 10 23 1 13 42 47 49 40 39 37 44 44 38 37 40 41 38 43 46 35 39 46 43 45 46 45 40 46 34 39 39 43 53 56 61 60 50 56 52 42 41 35 35 37 36 39 39 38 35 41 44 51 40 41 42 40 38 43 39 39 40 40 39 44 35
13 33 77 73 55 71 11 11 11 11 11 11 11 11 11 11 15 0 25 68 10 36 30 42 33 25 5 10 61 11 13 3 32 45 10 45 46 45 42 52 42 34 36 35 28 37 48 44 47 48 47 52 46 54 51 48 49 40 39 42 51 67 70 60 37 48 49 45 51 48 53 52 42 31 38 38 42 44 49 45 50 37 33 41 36 43 46 39 40 49 41 41 43 44 41 38
7 40 65 63 67 15 11 11 11 11 11 11 11 11 11 11 7 62 60 61 7 7 52 29 32 26 39 12 10 12 11 38 48 52 70 62 39 57 43 41 39 52 40 37 38 47 45 47 41 53 47 49 64 48 48 45 59 45 41 24 38 41 51 66 64 49 62 70 39 65 62 45 68 49 38 34 53 53 54 49 44 51 54 57 63 51 57 55 51 52 59 53 58 59 46 48
6 9 7 63 55 68 10 12 11 11 11 11 11 11 11 11 9 62 64 57 80 49 64 55 10 13 9 11 11 11 10 38 55 60 58 58 53 50 56 51 45 49 43 34 49 47 50 47 47 51 58 43 40 43 68 43 65 65 61 44 63 68 53 67 49 58 70 70 66 60 57 38 58 53 37 52 58 55 57 52 53 63 63 65 58 52 58 62 63 67 65 67 67 68 74 56
61 58 12 7 61 63 85 14 10 9 11 11 11 11 12 14 11 37 61 1 21 5 20 7 10 17 29 62 54 7 53 53 61 69 63 50 50 55 59 38 54 62 62 55 47 44 41 49 47 61 63 65 59 60 65 48 66 72 64 66 55 72 64 47 62 61 67 61 62 65 57 39 35 36 64 53 56 62 65 67 64 70 71 68 68 67 68 71 71 77 71 66 77 83 72 68
57 6 11 7 40 69 82 86 7 13 11 11 11 11 3 17 44 62 62 57 67 58 69 43 47 54 51 58 35 50 49 46 51 57 68 56 55 48 70 51 52 60 55 59 49 46 47 41 58 66 66 65 63 66 54 60 60 63 60 57 55 61 52 65 71 67 69 67 66 66 57 39 43 74 72 71 71 70 70 80 77 80 81 77 77 81 84 86 85 79 75 75 87 87 78 72
64 14 6 45 61 67 75 86 64 67 9 11 11 65 63 54 60 63 61 52 64 63 55 55 51 43 60 80 71 64 65 65 70 66 43 53 52 53 72 54 48 64 50 58 55 60 63 71 67 65 67 65 55 64 55 62 65 64 60 64 64 81 73 77 76 70 71 78 81 78 63 48 73 88 86 82 87 86 89 91 79 82 75 68 57 67 68 100 95 104 112 102 89 93 96 97
10 10 60 65 56 68 84 72 76 36 10 6 65 67 62 68 72 64 56 40 68 61 64 66 47 57 63 78 70 62 77 69 72 72 60 61 62 57 55 52 54 65 59 64 57 59 64 66 67 68 68 63 67 63 67 63 66 65 71 50 84 89 83 84 78 90 92 87 85 87 77 67 93 96 101 93 98 99 101 96 92 104 90 84 95 84 94 85 83 91 105 106 118 97 105 90
11 11 5 71 68 77 72 68 58 0 91 75 60 71 75 88 45 45 52 57 65 68 57 56 51 46 71 58 57 58 62 60 66 69 69 63 60 68 49 61 61 53 69 70 67 66 61 65 66 68 70 67 63 68 74 73 75 77 85 101 100 101 86 88 76 94 93 93 91 95 93 92 94 111 109 95 99 126 119 116 124 111 113 118 101 98 93 85 85 86 101 101 107 113 119 105
12 13 23 1 9 9 9 2 5 51 87 100 48 37 54 57 59 64 33 68 64 47 49 49 66 63 54 47 50 62 68 64 71 59 52 62 71 75 68 66 65 70 48 75 64 57 59 63 67 68 68 70 72 72 75 82 83 90 83 93 111 98 92 81 94 89 88 109 102 105 101 102 103 102 105 113 127 137 137 129 123 123 123 135 124 124 118 106 108 94 100 97 108 102 131 126
11 11 11 9 14 22 62 93 73 74 76 86 87 63 63 65 45 71 66 65 65 52 27 56 53 63 79 67 51 50 48 53 45 55 61 62 66 66 69 67 66 71 62 63 29 75 63 68 65 57 74 75 72 77 79 82 93 103 98 101 113 124 123 123 120 116 110 112 105 113 119 112 112 120 129 128 140 147 145 145 137 143 127 138 129 132 129 129 116 117 115 116 104 112 123 119
11 11 9 70 78 78 75 72 73 93 86 82 88 66 63 51 63 58 58 64 75 67 55 71 57 78 88 86 71 59 64 70 68 66 44 32 62 72 70 72 65 67 70 71 62 66 65 70 73 67 73 74 79 79 83 85 88 89 104 116 110 139 139 127 144 149 125 130 128 130 126 167 142 134 143 155 157 194 213 155 149 149 142 148 141 144 144 140 138 129 121 134 136 133 133 120
11 11 11 10 14 75 85 82 68 72 47 69 52 64 57 52 59 61 51 41 48 41 42 36 38 38 79 87 67 73 78 73 70 61 60 43 25 71 80 71 75 72 71 74 75 71 72 82 80 63 72 70 70 71 75 83 88 95 101 129 71 168 159 127 185 140 172 193 160 162 172 159 158 156 165 215 195 199 194 167 177 137 149 177 179 142 144 150 134 147 160 162 162 134 150 151
11 11 11 10 11 1 84 78 81 59 64 63 60 63 37 44 51 74 56 62 44 50 34 42 45 62 59 59 65 84 79 72 61 39 66 61 41 60 73 86 82 71 15 39 89 78 84 55 0 0 63 67 70 71 80 75 103 113 120 136 155 71 81 44 15 14 28 206 166 217 215 207 181 193 183 34 204 225 208 221 213 167 184 175 171 184 161 163 150 157 160 88 90 121 16 5
11 11 11 11 11 10 20 83 70 61 48 61 62 82 44 57 48 56 79 50 61 80 33 45 39 58 57 46 66 77 75 80 63 58 31 46 58 45 91 93 88 3 12 14 32 97 73 7 6 9 62 67 70 71 76 87 106 118 122 134 125 26 10 10 8 58 60 168 188 224 207 226 229 54 150 219 164 206 223 226 255 211 204 202 214 212 183 173 186 150 66 193 208 196 164 132
11 11 11 11 11 12 15 62 95 62 63 57 37 71 60 81 74 69 41 77 101 64 12 10 38 59 41 49 50 62 69 70 45 74 71 81 86 88 98 122 1 9 11 11 6 66 7 3 12 8 41 40 55 65 67 72 101 115 122 164 37 11 11 7 121 242 212 173 222 242 222 247 255 163 77 231 233 213 240 233 210 171 174 221 201 192 182 182 130 179 186 196 174 148 154 87
13 13 10 10 10 10 54 65 93 87 80 51 107 87 75 58 16 11 11 52 70 60 99 11 3 27 94 74 57 42 56 67 59 71 88 86 81 80 90 100 15 12 11 11 8 10 10 11 7 14 9 4 34 38 48 61 66 81 95 104 86 11 11 11 2 243 228 211 228 251 251 236 255 132 128 223 253 248 248 205 195 197 191 182 119 198 166 184 177 163 154 150 142 141 88 171
57 77 74 88 67 57 58 69 53 51 38 52 10 17 7 13 11 6 27 15 80 79 77 69 9 4 11 29 68 53 45 70 54 69 57 49 49 57 77 8 9 11 11 11 11 11 11 11 11 11 11 11 13 0 34 37 80 55 45 72 89 6 10 11 8 26 175 247 231 255 253 255 251 148 157 239 249 237 236 226 211 201 199 185 154 142 120 131 101 106 103 103 68 110 67 55
78 107 153 125 56 98 152 126 97 78 63 60 16 11 11 11 11 2 33 11 5 89 71 69 112 47 8 14 10 57 66 69 80 79 40 51 82 96 51 13 10 11 17 13 14 39 42 4 12 12 13 13 15 7 53 31 45 75 67 44 80 80 8 15 11 11 221 68 246 255 253 40 245 165 147 176 231 241 252 225 218 187 175 140 187 139 102 126 76 82 96 88 106 124 136 106
96 111 154 139 85 120 129 166 116 35 17 11 13 11 11 11 12 0 86 11 5 7 5 69 89 123 131 10 9 37 64 57 52 92 90 86 112 126 100 67 81 68 29 43 71 61 94 92 64 45 18 28 15 47 60 78 81 59 86 164 95 57 102 13 11 11 0 69 87 245 252 233 235 245 238 239 211 242 232 221 198 96 145 126 137 153 118 117 127 87 122 121 112 122 136 159
