test/testfiles/small_world.asc
ncols        400
nrows        200
xllcorner    -180.000000000000
yllcorner    -90.000000000000
cellsize     0.900000000000
NODATA_value  -9999
[rows 55 to 109 of 200, columns 192 to 287 of 400]
87 83 80 151 150 115 108 88 6 13 16 7 24 8 11 11 6 73 91 10 11 11 11 11 11 66 93 31 115 18 87 71 84 0 38 9 15 85 72 104 76 97 82 136 121 125 111 114 114 80 103 104 120 111 96 98 128 121 59 56 117 135 178 12 11 11 21 227 218 236 233 255 255 248 225 226 231 236 233 141 153 175 171 151 155 132 170 144 96 73 91 127 144 165 175 172
99 107 91 97 175 159 121 121 14 7 13 39 13 11 11 11 14 110 92 11 6 11 9 18 13 10 44 10 11 11 26 61 97 55 14 9 9 16 90 87 106 120 164 182 134 146 167 141 135 152 140 89 94 109 106 111 110 173 191 59 146 155 129 9 11 11 8 109 226 241 218 213 222 218 230 236 248 245 167 209 191 208 132 105 90 98 81 88 127 149 148 187 103 169 115 246
101 139 139 86 108 105 165 116 12 10 8 8 14 11 11 11 12 11 11 11 11 9 14 9 13 12 40 5 11 11 6 71 55 89 96 14 19 72 87 123 149 116 124 165 204 174 153 137 133 178 140 103 112 117 96 75 152 120 144 137 137 137 0 8 11 11 15 16 255 221 173 164 221 244 214 234 217 207 199 189 228 234 151 144 140 87 95 89 103 130 176 193 115 199 224 240
114 137 145 137 156 151 82 13 11 12 14 9 8 14 7 5 10 10 0 12 13 9 98 114 132 5 11 11 11 11 12 3 68 60 16 7 19 16 93 83 127 147 89 129 182 215 117 96 65 124 122 109 122 142 121 103 93 94 22 123 158 135 52 12 14 11 10 16 219 181 196 171 175 216 206 178 187 195 201 225 145 200 153 211 184 165 134 112 151 170 166 127 101 186 222 237
14 121 38 6 6 7 10 8 10 93 97 103 94 110 121 120 115 133 152 169 11 10 11 11 7 11 11 11 11 11 11 10 12 36 14 13 8 9 9 6 95 70 9 17 130 104 8 9 119 154 172 189 252 203 217 191 171 111 117 184 179 189 137 127 89 56 74 37 156 201 158 146 213 156 211 243 224 218 209 213 231 233 215 206 209 141 117 114 103 109 91 94 114 134 162 150
7 101 12 9 17 11 14 169 196 154 231 255 252 235 196 207 223 237 225 247 9 12 11 11 11 11 11 11 11 11 11 10 13 10 34 10 14 20 1 11 10 13 12 14 7 3 12 14 151 234 251 255 222 251 251 250 255 217 152 108 179 208 162 169 178 177 161 199 215 166 196 209 190 191 192 192 213 215 219 193 197 177 165 195 158 128 116 68 74 62 84 89 129 192 170 151
8 131 119 119 217 199 147 158 175 244 255 216 233 241 251 255 245 245 247 255 41 16 11 11 11 11 11 11 11 11 11 11 11 11 11 7 8 20 11 11 11 11 12 12 122 7 11 7 132 238 230 245 244 219 252 255 233 242 223 153 152 150 207 162 215 252 245 235 236 236 222 201 238 234 218 226 215 199 212 202 204 181 186 143 117 152 90 121 62 42 37 78 105 128 234 184
150 191 158 117 178 255 242 247 255 229 193 250 249 255 255 255 255 250 255 29 14 11 11 11 11 11 11 11 11 11 11 11 11 11 11 9 5 0 11 11 11 11 9 12 6 6 13 84 207 240 254 246 251 255 252 233 255 166 252 152 158 148 159 192 203 206 185 214 199 244 191 202 194 220 215 237 219 167 204 179 185 162 146 189 184 106 77 173 141 61 59 65 140 117 129 107
205 163 171 240 228 249 243 234 232 240 252 251 245 255 253 255 251 255 252 239 236 50 32 2 5 11 11 11 11 11 11 0 36 7 12 11 11 11 11 11 11 11 11 11 11 9 11 124 186 199 255 255 253 249 253 255 194 181 246 241 186 163 114 161 181 234 171 163 211 213 229 215 206 203 209 217 198 187 143 152 159 192 154 233 208 135 175 166 161 124 83 57 61 170 133 149
177 142 162 208 218 238 225 252 250 255 253 253 249 251 255 255 254 255 255 250 254 250 235 255 253 6 10 11 11 11 217 248 251 251 197 43 4 8 11 9 6 11 11 15 14 14 43 212 255 218 250 245 250 252 255 254 255 169 213 209 253 234 222 130 157 201 238 182 209 221 223 210 202 192 198 204 231 238 247 243 220 198 242 193 180 187 237 220 146 132 105 90 55 58 153 176
170 186 180 230 230 234 255 251 255 255 255 255 252 255 255 255 246 250 250 246 255 248 251 246 255 255 123 18 11 11 248 252 255 248 255 247 255 255 149 8 12 57 75 49 20 56 243 213 236 242 234 246 255 252 254 248 255 255 230 209 178 255 235 188 140 203 197 233 192 208 185 206 213 179 215 182 255 241 241 238 244 233 199 191 178 165 228 245 158 140 146 91 80 53 32 114
185 204 238 242 250 255 255 249 252 251 252 255 255 254 255 255 255 255 249 255 252 255 252 252 248 253 252 255 254 143 247 255 254 255 244 255 250 254 240 232 250 251 85 247 253 255 236 241 255 238 243 245 255 254 251 249 247 250 254 252 253 229 184 232 176 155 160 197 216 165 194 186 234 215 197 192 216 238 229 235 241 226 201 139 221 178 205 146 137 124 104 104 88 82 69 51
218 244 255 243 243 248 239 255 253 254 247 245 251 252 254 253 250 255 243 254 255 254 255 253 247 251 245 248 249 252 251 255 252 250 252 253 245 244 247 250 250 255 141 244 30 250 120 229 244 222 250 246 252 255 253 251 254 251 250 252 254 133 16 11 224 197 182 189 183 194 181 145 181 179 202 211 181 222 173 170 250 205 190 255 238 208 173 159 218 199 178 162 119 98 83 70
249 254 255 247 243 252 246 255 247 244 225 230 252 255 255 245 255 255 255 255 253 248 242 219 249 246 251 255 248 252 255 254 255 255 253 253 253 252 251 255 255 254 250 254 241 179 93 182 243 222 244 253 250 254 255 251 255 255 253 252 255 247 0 6 0 195 190 199 238 179 213 139 210 200 198 224 177 207 217 193 255 234 162 173 142 168 198 243 221 215 201 172 151 149 106 115
255 255 255 248 241 248 245 253 250 244 255 253 255 254 252 255 249 255 252 246 248 250 253 241 250 255 192 160 227 254 254 249 252 254 246 253 255 253 253 253 254 255 248 255 255 35 10 127 191 174 247 243 240 250 230 241 249 255 254 249 255 255 166 3 11 0 153 240 179 188 192 151 238 250 234 170 187 183 211 200 207 199 177 129 181 239 235 217 228 190 162 139 134 145 151 129
255 242 213 255 255 252 254 255 247 255 240 250 217 198 172 229 227 230 242 245 251 255 255 252 255 255 249 175 254 255 255 253 254 250 253 253 252 255 254 252 255 255 248 235 255 159 4 0 194 178 214 252 201 216 250 250 254 243 255 255 255 252 255 170 6 18 11 16 105 101 7 177 164 158 172 159 168 168 200 184 168 153 181 202 223 237 212 194 175 153 143 144 158 136 149 132
244 255 241 241 248 255 255 253 255 244 247 252 207 214 239 207 190 182 208 248 246 244 249 255 255 255 212 252 244 250 255 255 255 255 226 255 255 253 255 255 255 241 255 255 179 187 5 6 12 194 196 155 118 177 212 236 254 243 250 255 248 255 255 246 110 3 11 5 12 6 57 8 225 218 209 193 199 239 194 181 218 208 195 244 170 207 209 209 184 157 125 136 162 114 113 123
253 223 227 230 249 252 255 253 255 221 240 227 230 255 255 248 220 249 194 213 253 250 253 255 254 235 252 253 246 248 248 255 255 255 247 255 246 250 254 255 252 251 248 251 233 188 151 10 12 216 158 167 182 204 233 228 255 255 249 252 251 251 255 250 182 1 15 7 0 255 136 10 12 11 6 6 0 7 0 0 6 21 206 215 166 186 207 218 180 138 125 137 133 135 130 127
204 233 255 253 250 255 255 255 248 255 249 254 231 238 214 253 231 248 247 240 251 250 255 255 255 255 255 255 255 221 240 250 254 255 252 253 244 234 250 255 255 253 254 254 235 218 229 151 22 6 169 171 127 171 225 248 224 242 255 246 252 252 255 254 255 211 248 205 249 243 125 30 9 11 11 14 8 9 11 10 10 3 0 174 171 183 219 179 172 142 137 124 136 139 129 105
255 255 255 255 254 255 255 254 255 254 248 255 255 253 207 225 221 234 255 255 225 255 253 251 249 255 255 255 226 255 255 254 250 255 255 244 255 246 251 253 252 255 223 255 44 244 191 180 8 11 12 188 145 217 216 255 242 245 224 247 253 254 254 251 255 255 252 245 245 255 219 146 161 160 7 11 11 11 11 11 11 9 11 1 176 181 180 181 142 161 162 138 132 141 127 128
253 255 255 244 253 252 251 249 255 255 255 254 255 255 255 242 250 255 254 255 253 228 247 255 253 238 244 211 219 193 251 255 255 255 255 243 248 243 255 255 255 255 255 252 232 207 239 172 194 14 10 212 154 255 243 255 255 243 243 246 251 254 255 255 255 255 252 253 240 243 253 250 248 255 23 11 11 11 11 11 11 11 11 10 0 130 138 130 146 136 139 157 132 130 143 98
255 255 255 255 255 255 254 250 254 255 254 247 255 255 255 245 255 255 252 255 255 255 249 248 247 255 222 202 172 193 243 253 250 251 255 255 242 255 254 255 255 240 242 239 215 210 207 215 171 29 8 56 200 227 168 232 234 253 249 255 255 255 249 255 255 254 249 247 241 255 252 255 247 190 14 11 11 11 11 11 11 11 11 10 14 7 121 123 164 119 130 134 118 113 116 113
252 252 255 255 253 255 255 255 255 244 227 247 255 255 252 254 255 242 254 255 255 249 253 247 255 251 210 169 171 232 255 255 241 255 255 255 255 255 253 253 255 255 246 255 234 255 233 219 196 10 6 5 167 177 183 228 251 241 249 250 254 255 255 255 252 249 253 246 242 246 253 255 25 9 11 11 11 11 11 11 11 11 11 11 11 11 14 14 76 140 139 136 129 121 113 111
255 254 255 254 255 254 246 237 253 220 251 255 253 255 255 254 213 255 255 255 252 255 253 255 252 254 251 232 212 242 255 255 255 255 255 252 250 250 252 250 250 255 253 252 240 255 227 231 178 71 10 10 10 73 168 223 244 245 241 255 255 253 255 255 248 255 245 247 248 255 255 253 5 11 11 11 11 11 11 11 11 11 11 11 11 11 11 11 33 133 144 136 143 119 89 85
253 255 254 255 253 255 252 253 255 232 237 253 253 255 253 255 241 237 192 254 255 254 255 253 251 254 255 254 250 242 255 248 255 245 242 251 250 255 250 250 251 239 238 229 241 250 248 235 209 232 11 17 9 3 188 211 223 240 253 249 255 255 255 248 247 255 255 253 253 255 244 5 14 8 11 11 11 11 11 11 11 11 11 11 11 11 11 11 9 141 132 148 110 106 121 128
254 253 255 255 255 253 254 255 254 250 250 251 255 255 255 239 223 193 236 255 255 255 255 255 255 253 253 254 249 248 255 235 229 218 247 255 255 252 255 252 255 255 252 249 228 246 255 231 186 184 141 15 11 10 61 142 147 254 250 255 249 249 246 255 249 248 255 252 255 160 3 15 11 11 11 11 11 11 11 11 11 11 11 11 11 11 11 11 10 116 134 146 140 122 126 146
246 252 255 232 254 255 253 246 202 233 251 252 255 250 232 238 220 249 254 254 255 254 255 254 254 255 251 163 143 255 255 252 243 242 255 249 254 252 255 252 250 246 221 255 255 242 214 208 232 201 178 143 6 15 108 234 189 190 246 255 255 255 255 243 248 249 229 96 9 9 11 11 11 11 11 11 11 11 11 11 11 11 11 11 11 11 11 11 11 86 97 127 132 153 161 203
198 232 220 225 204 213 213 227 212 201 245 240 232 222 232 242 250 252 255 255 232 248 255 255 255 255 255 254 255 250 255 215 237 241 244 246 251 255 250 255 245 253 253 255 242 215 206 193 215 218 151 232 77 5 7 132 145 220 254 255 253 214 223 210 231 209 9 18 17 12 11 11 11 11 11 11 11 11 11 11 11 11 11 11 11 11 11 11 11 7 102 146 157 141 156 95
168 170 184 183 194 194 194 220 221 226 255 246 247 232 195 186 225 254 239 236 255 252 249 251 255 255 255 236 252 250 217 209 193 235 230 243 248 193 248 246 244 249 252 251 172 169 147 128 110 150 130 140 158 0 19 51 102 162 189 255 236 254 241 189 57 12 11 11 11 11 11 11 11 11 11 11 11 11 11 11 11 11 11 11 11 11 11 11 11 16 72 128 163 169 174 120
128 187 169 162 190 186 175 198 197 225 234 222 240 246 207 214 250 242 221 185 223 223 182 102 237 233 223 232 179 176 154 167 146 187 205 203 241 243 227 228 234 255 223 194 132 137 121 95 86 65 93 133 142 189 17 18 132 115 167 148 163 76 17 11 11 11 11 10 12 11 11 11 11 11 11 11 11 11 11 11 11 11 11 11 11 11 11 11 11 12 16 100 136 182 196 197
127 124 135 146 121 134 157 162 167 163 207 210 220 198 168 149 186 212 230 171 203 185 203 95 105 185 169 159 169 156 147 151 164 146 121 156 213 208 205 175 191 182 217 205 147 109 88 88 62 59 75 126 141 142 154 33 166 187 110 0 14 15 7 11 11 11 11 6 10 11 11 11 11 11 11 11 11 11 11 11 11 11 11 11 11 11 11 11 11 10 8 91 132 145 152 112
88 101 114 93 95 145 158 149 124 115 110 132 164 165 173 151 152 141 159 163 175 137 163 119 126 131 133 136 129 104 100 108 123 129 92 190 185 167 189 172 165 111 120 127 127 95 65 60 60 115 68 71 110 148 146 161 15 15 11 11 12 10 14 5 7 3 6 14 7 11 11 11 11 11 11 11 11 11 11 11 11 11 11 11 11 11 11 11 11 11 11 51 87 121 88 109
104 111 84 122 114 116 106 116 111 93 94 120 130 124 156 134 135 122 124 136 123 110 70 125 83 104 90 84 67 93 81 63 75 108 142 156 148 175 185 145 111 72 78 90 88 89 69 50 50 85 73 72 76 176 147 165 6 15 11 11 8 3 45 217 188 4 10 16 8 11 11 11 11 11 11 11 11 11 11 11 11 11 11 11 11 11 11 11 12 11 11 12 61 83 139 115
84 122 111 111 113 100 112 119 108 114 106 87 117 134 116 123 142 110 82 114 138 103 115 121 106 80 105 79 68 69 58 68 77 79 71 134 77 76 121 101 80 82 83 79 85 73 62 58 57 76 73 81 75 114 188 192 224 51 236 201 212 246 244 245 250 9 11 11 11 11 11 11 11 11 11 11 11 11 11 11 11 11 11 11 11 11 11 11 15 12 12 10 26 76 129 148
87 91 90 94 94 80 105 111 136 125 88 102 91 112 111 128 87 100 114 107 117 114 90 90 92 90 62 82 74 68 64 64 57 64 63 67 71 88 62 68 65 77 78 78 83 70 63 71 53 65 74 94 94 120 157 138 201 241 238 228 244 239 247 253 76 10 11 11 11 11 11 11 11 11 11 11 11 11 11 11 11 11 11 11 11 11 11 11 11 11 11 12 9 66 126 133
69 83 64 72 84 72 76 111 117 93 81 103 106 89 79 100 93 112 133 120 103 93 69 76 73 75 85 82 73 67 63 49 55 49 58 56 55 58 70 74 67 67 59 65 65 59 52 58 70 74 77 88 89 103 110 128 177 227 217 210 255 252 241 245 9 14 11 11 11 11 11 11 11 11 11 11 11 11 11 11 11 11 11 11 11 11 11 11 11 11 11 12 10 60 135 9
72 80 91 86 73 75 72 83 77 99 94 96 110 74 71 99 92 111 116 88 62 53 58 54 48 73 66 54 49 56 47 39 42 52 53 52 52 45 53 56 65 64 77 53 56 60 53 55 64 64 83 94 66 115 131 186 210 188 195 175 183 197 200 4 11 11 11 11 11 11 11 11 11 11 11 11 11 11 11 11 11 11 11 11 11 11 11 11 11 11 11 11 12 13 8 13
80 82 90 91 67 72 77 69 82 85 111 97 98 80 74 96 85 115 80 53 67 52 62 44 60 56 53 60 53 50 46 47 49 53 47 48 47 51 43 48 57 64 54 66 59 64 60 67 52 68 88 71 66 89 184 194 151 160 173 196 230 225 245 10 11 11 11 11 11 11 11 11 11 11 11 11 11 11 11 11 11 11 11 11 11 11 11 11 5 12 11 11 11 11 11 16
70 74 81 83 79 61 75 66 122 0 11 13 13 62 96 91 113 55 67 57 58 58 57 59 62 60 47 49 46 52 48 56 48 50 50 47 48 39 45 41 50 60 51 56 72 77 74 81 59 61 64 75 79 137 113 202 216 207 170 195 220 234 1 14 11 11 11 11 11 11 11 11 11 11 11 11 11 11 11 11 11 11 11 11 11 11 11 11 8 16 13 11 11 11 11 14
84 49 19 4 21 85 29 7 11 11 11 11 11 0 89 94 100 64 55 55 65 65 65 59 55 53 53 49 48 56 50 50 52 44 43 46 49 39 39 38 46 50 61 65 72 89 104 139 129 88 127 81 106 116 179 205 244 230 179 197 206 192 13 11 11 11 11 11 11 11 11 11 11 11 11 11 11 11 11 11 11 11 11 11 11 11 11 11 8 13 12 11 11 11 11 11
11 11 11 11 11 11 11 11 11 11 11 11 11 11 12 12 11 14 69 56 52 74 81 67 64 51 30 52 45 63 56 45 48 50 49 47 44 37 40 43 51 47 41 63 54 82 179 136 159 150 101 128 123 128 213 183 178 151 180 158 165 10 12 11 11 11 11 11 11 11 11 11 11 11 11 11 11 11 11 11 11 11 11 11 11 11 11 11 11 19 9 11 11 11 11 11
11 11 11 11 11 11 11 11 11 11 11 11 11 11 11 11 11 59 7 93 67 71 58 65 53 52 39 37 29 56 56 40 45 43 46 40 38 40 26 35 46 53 80 53 56 70 119 202 159 163 150 105 141 152 155 145 109 111 175 122 2 11 10 11 11 11 11 11 11 11 11 11 11 11 11 11 11 11 11 11 11 11 11 11 11 11 11 11 8 18 8 11 11 11 11 11
11 11 11 11 11 11 11 11 11 11 11 11 11 11 11 11 10 9 11 71 58 64 64 52 50 39 35 47 46 46 50 46 56 50 42 39 32 33 31 24 32 52 76 59 71 48 88 213 104 187 125 169 165 148 123 126 101 118 120 3 10 11 11 11 11 11 11 11 11 11 11 11 11 11 11 11 11 11 11 11 11 11 11 11 11 11 11 11 10 10 12 11 11 11 11 11
11 11 11 11 11 11 11 11 11 11 11 11 11 11 11 11 14 9 18 61 56 59 62 62 39 35 41 40 39 43 42 49 51 47 45 39 28 28 34 33 47 70 49 55 37 91 68 104 122 123 182 185 171 141 101 111 91 60 0 18 11 11 11 11 11 11 11 11 11 11 11 11 11 11 11 11 11 11 11 11 11 11 11 11 11 11 11 11 9 7 12 11 11 11 11 11
11 11 11 11 11 11 11 11 11 11 11 11 11 11 14 16 11 15 31 42 46 48 66 61 37 34 42 34 31 41 41 47 40 45 45 47 35 33 27 27 41 60 49 54 64 71 69 70 89 157 129 204 178 165 128 86 13 9 11 11 11 11 11 11 11 11 11 11 11 11 11 11 11 11 11 11 11 11 11 11 11 11 11 11 11 11 11 11 10 14 12 11 11 11 11 11
11 11 11 11 11 11 11 11 11 11 11 11 11 11 11 11 11 10 73 64 47 59 55 54 44 47 35 44 36 37 38 42 42 38 38 42 40 38 29 22 42 49 73 35 14 5 61 57 74 51 130 170 162 109 68 1 11 11 11 11 11 11 11 11 11 11 11 11 11 11 11 11 11 11 11 11 11 11 11 11 11 11 11 11 11 11 11 11 11 13 10 11 11 11 11 11
11 11 11 11 11 11 11 11 11 11 11 11 11 11 11 11 11 17 74 54 43 44 44 81 79 50 48 38 42 36 34 41 38 36 39 36 38 28 28 28 45 75 71 37 11 39 71 124 114 115 86 150 138 79 21 9 11 11 11 11 11 11 11 11 11 11 11 11 11 11 11 11 11 11 11 11 11 11 11 11 11 11 11 11 11 11 11 11 11 11 12 11 11 11 11 11
11 11 11 11 11 11 11 11 11 11 11 11 11 11 11 11 11 11 18 37 49 68 49 58 75 73 53 54 29 40 39 35 36 36 32 33 33 21 26 29 47 73 64 10 6 86 90 100 119 119 96 147 108 58 9 11 11 11 11 11 11 11 11 11 11 11 11 11 11 11 11 11 11 11 11 11 11 11 11 11 11 11 11 11 11 11 11 11 11 11 11 11 11 11 11 11
11 11 11 11 11 11 11 11 11 11 11 11 11 11 11 11 11 11 11 25 51 73 50 65 73 85 59 64 65 32 40 35 35 35 42 32 49 36 20 27 60 73 63 92 101 137 110 86 135 45 115 166 69 11 11 11 11 11 11 11 11 11 11 11 11 11 11 11 11 11 11 11 11 11 11 11 11 11 11 11 11 11 11 11 11 11 11 11 11 11 11 11 11 11 11 11
11 11 11 11 11 11 11 11 11 11 11 11 11 11 11 11 11 11 11 7 85 68 73 72 72 71 51 57 65 49 38 42 48 33 39 61 45 30 43 40 18 74 54 64 114 139 146 87 109 130 113 96 14 11 11 11 11 11 11 11 11 11 11 11 11 11 11 11 11 11 11 11 11 11 11 11 11 11 11 11 11 11 11 11 11 11 11 11 11 11 11 11 11 11 11 11
11 11 11 11 11 11 11 11 11 11 11 11 11 11 11 11 11 11 11 11 11 93 74 76 70 64 64 66 71 70 47 41 45 36 39 75 55 62 46 58 14 84 72 83 93 93 156 89 91 99 61 50 11 11 11 11 11 11 11 11 11 11 11 11 11 11 11 11 11 12 11 11 11 11 11 11 11 11 11 11 11 11 11 11 11 11 11 11 11 11 11 11 11 11 11 11
11 11 11 11 11 11 11 11 11 11 11 11 11 11 11 11 11 11 11 11 10 62 72 68 70 58 62 72 75 95 77 46 46 69 45 76 78 71 67 67 49 69 64 78 85 82 84 110 104 55 51 0 11 11 11 11 11 11 11 11 11 11 11 11 11 11 11 11 11 11 11 11 11 11 11 11 11 11 11 11 11 11 11 11 11 11 11 11 11 11 11 11 11 11 11 11
11 11 11 11 11 11 11 11 11 11 11 11 11 11 11 11 11 11 11 11 13 3 68 70 55 54 51 57 66 73 67 47 59 76 82 73 82 74 66 59 57 24 82 70 81 88 81 120 114 68 71 47 12 11 11 11 11 11 11 11 11 11 11 11 11 11 11 11 11 11 11 11 11 11 11 11 11 11 11 11 11 11 11 11 11 11 11 11 11 11 11 11 11 11 11 11
11 11 11 11 11 11 11 11 11 11 11 11 11 11 11 11 11 11 11 11 11 11 65 59 50 67 80 70 57 72 61 72 72 60 71 78 77 71 66 50 63 54 77 91 82 79 98 132 89 40 69 53 0 11 11 11 11 11 11 11 11 11 11 11 11 11 13 11 11 11 11 11 11 11 11 11 11 11 11 11 11 11 11 11 11 11 11 11 14 11 11 11 11 11 11 11
11 11 11 11 11 11 11 11 11 11 11 11 11 11 11 11 11 11 11 11 11 11 6 44 62 72 70 65 64 78 68 66 66 58 81 81 86 54 74 66 57 71 1 93 112 118 109 56 61 71 67 56 6 11 11 11 11 11 11 6 12 11 11 11 11 10 11 11 11 11 11 11 11 11 11 11 11 11 11 11 11 11 11 11 11 11 11 11 11 11 11 11 11 11 11 11
