test/testfiles/small_world.asc
ncols        400
nrows        200
xllcorner    -180.000000000000
yllcorner    -90.000000000000
cellsize     0.900000000000
NODATA_value  -9999
[rows 0 to 54 of 200, columns 288 to 383 of 400]
11 11 11 11 11 11 11 11 11 11 11 11 11 11 11 11 11 11 11 11 11 11 11 11 11 11 11 11 11 11 11 11 11 11 11 11 11 11 11 11 11 11 11 11 11 11 11 11 11 11 11 11 11 11 11 11 11 11 11 11 11 11 11 11 11 11 11 11 11 11 11 11 11 11 11 11 11 11 11 11 11 11 11 11 11 11 11 11 11 11 11 11 11 11 11 11
11 11 11 11 11 11 11 11 11 11 11 11 11 11 11 11 11 11 11 11 11 11 11 11 11 11 11 11 11 11 11 11 11 11 11 11 11 11 11 11 11 11 11 11 11 11 11 11 11 11 11 11 11 11 11 11 11 11 11 11 11 11 11 11 11 11 11 11 11 11 11 11 11 11 11 11 11 11 11 11 11 11 11 11 11 11 11 11 11 11 11 11 11 11 11 11
11 11 11 11 11 11 11 11 11 11 11 11 11 11 11 11 11 11 11 11 11 11 11 11 11 11 11 11 11 11 11 11 11 11 11 11 11 11 11 11 11 11 11 11 11 11 11 11 11 11 11 11 11 11 11 11 11 11 11 11 11 11 11 11 11 11 11 11 11 11 11 11 11 11 11 11 11 11 11 11 11 11 11 11 11 11 11 11 11 11 11 11 11 11 11 11
11 11 11 11 11 11 11 11 11 11 11 11 11 11 11 11 11 11 11 11 11 11 11 11 11 11 11 11 11 11 11 11 11 11 11 11 11 11 11 11 11 11 11 11 11 11 11 11 11 11 11 11 11 11 11 11 11 11 11 11 11 11 11 11 11 11 11 11 11 11 11 11 11 11 11 11 11 11 11 11 11 11 11 11 11 11 11 11 11 11 11 11 11 11 11 11
11 11 11 11 11 11 11 11 11 11 11 11 11 11 11 11 11 11 11 11 11 11 11 11 11 11 11 11 11 11 11 11 11 11 11 11 11 11 11 11 11 11 11 11 11 11 11 11 11 11 11 11 11 11 11 11 11 11 11 11 11 11 11 11 11 11 11 11 11 11 11 11 11 11 11 11 11 11 11 11 11 11 11 11 11 11 11 11 11 11 11 11 11 11 11 11
11 11 11 11 11 11 11 11 11 11 11 11 11 11 11 11 11 11 11 11 11 11 11 11 11 11 11 11 11 11 11 11 11 11 11 11 11 11 11 11 11 11 11 11 11 11 11 11 11 11 11 11 11 11 11 11 11 11 11 11 11 11 11 11 11 11 11 11 11 11 11 11 11 11 11 11 11 11 11 11 11 11 11 11 11 11 11 11 11 11 11 11 11 11 11 11
11 11 11 11 11 11 11 11 11 11 11 11 11 11 11 11 11 11 11 11 11 11 11 11 11 11 11 11 11 11 11 11 11 11 11 11 11 11 11 11 11 11 11 11 11 11 11 11 11 11 11 11 11 11 11 11 11 11 11 11 11 11 11 11 11 11 11 11 11 11 11 11 11 11 11 11 11 11 11 11 11 11 11 11 11 11 11 11 11 11 11 11 11 11 11 11
11 11 11 11 11 11 11 11 11 11 11 11 11 11 11 11 11 11 11 11 11 11 11 11 11 11 11 11 11 11 11 11 11 11 11 11 11 11 11 11 11 11 11 11 11 11 11 11 11 11 11 11 11 11 11 11 11 11 11 11 11 11 11 11 11 11 11 11 11 11 11 11 11 11 11 11 11 11 11 11 11 11 11 11 11 11 11 11 11 11 11 11 11 11 11 11
11 11 11 11 11 11 11 11 11 11 11 11 11 11 11 11 11 11 11 11 11 11 11 11 11 11 11 11 11 11 11 11 11 11 11 11 11 11 11 11 11 11 11 11 11 11 11 11 11 11 11 11 11 11 11 11 11 11 11 11 11 11 11 11 11 11 11 11 11 11 11 11 11 11 11 11 11 11 11 11 11 11 11 11 11 11 11 11 11 11 11 11 11 11 11 11
10 11 11 11 11 11 11 11 11 11 11 12 11 15 8 11 12 11 15 13 11 10 10 11 11 11 11 11 11 11 11 11 11 11 11 11 11 11 11 11 11 11 11 11 11 11 11 11 11 11 11 11 11 11 11 11 11 11 11 11 11 11 11 11 11 11 11 11 11 11 11 11 11 11 11 11 11 11 11 11 11 11 11 11 11 11 11 11 11 11 11 11 11 11 11 11
6 11 11 11 11 11 11 11 11 11 19 13 8 9 4 248 254 255 245 246 113 11 11 11 11 11 11 11 11 11 11 11 11 11 11 11 11 11 11 11 11 11 11 11 11 11 11 11 11 11 11 11 11 11 11 11 11 11 11 11 11 11 11 11 11 11 11 11 11 11 11 11 11 11 11 11 11 11 11 11 11 11 11 11 11 11 11 11 11 11 11 11 11 11 11 11
11 11 11 11 11 11 11 11 11 11 11 11 14 140 106 118 74 158 146 235 215 249 219 62 10 5 14 5 9 11 11 11 11 11 11 11 11 11 11 11 11 11 11 11 11 11 11 11 11 11 11 11 11 11 11 11 11 11 11 11 11 11 11 11 11 11 11 11 11 11 11 11 11 11 11 11 11 11 11 11 11 11 11 11 11 11 11 11 11 11 11 11 11 11 11 11
11 11 11 11 11 11 11 11 11 11 11 11 16 3 17 18 4 2 22 27 71 204 168 28 237 217 194 225 131 11 11 11 11 11 11 11 11 11 11 11 11 11 11 11 11 11 11 11 11 11 11 11 11 11 11 11 11 11 11 11 11 11 11 11 11 11 11 11 11 11 11 11 11 11 11 11 11 11 11 11 11 11 11 11 11 11 11 11 11 11 11 11 11 11 11 11
11 11 11 8 11 11 11 11 11 11 12 12 11 11 11 11 11 11 12 12 11 15 33 103 1 4 0 7 4 15 21 54 11 11 11 11 11 11 11 11 11 11 11 11 11 11 11 11 11 11 11 11 11 11 11 11 11 11 11 11 11 11 11 11 11 11 11 11 11 11 11 11 11 11 11 11 11 11 11 11 11 11 11 11 11 11 11 11 11 11 11 11 11 11 11 11
11 11 11 10 9 11 11 11 11 11 38 25 14 12 9 13 7 7 124 10 12 18 12 13 94 94 126 112 97 86 69 61 18 0 9 4 6 17 28 11 11 11 11 11 11 11 11 11 11 11 11 11 11 11 11 11 11 11 11 11 11 11 11 11 10 8 11 8 7 9 11 11 11 11 11 11 11 11 11 11 11 11 11 11 11 11 11 11 11 11 11 11 11 11 11 11
11 11 11 9 13 11 11 11 11 11 16 13 10 12 9 11 33 133 199 144 8 126 90 96 98 107 101 113 156 118 122 144 165 190 77 98 101 73 0 11 11 11 11 11 11 11 11 11 11 11 11 11 11 11 11 11 11 11 11 11 11 11 11 11 10 11 56 9 2 23 10 10 10 11 11 11 11 11 11 11 11 11 11 11 11 11 11 11 11 11 11 11 11 11 11 11
7 11 11 58 10 9 12 16 4 6 72 110 131 78 96 175 162 110 104 111 97 103 122 124 111 121 155 103 113 94 89 97 91 117 135 123 99 81 82 11 11 11 11 11 11 11 11 11 11 11 11 11 11 11 11 11 11 11 11 11 11 11 14 2 70 85 93 86 253 244 61 80 91 12 74 77 70 11 27 6 9 11 11 11 11 11 11 11 11 11 11 11 11 11 11 11
14 13 6 15 12 10 6 30 95 98 96 96 95 97 116 146 166 119 98 105 92 100 102 116 83 97 108 100 101 114 98 90 89 100 38 41 80 85 6 10 9 10 11 9 12 11 11 11 10 6 4 7 17 11 10 10 11 11 11 11 11 11 23 7 11 10 10 15 50 11 9 9 12 11 11 11 11 11 11 11 11 11 11 11 11 11 11 11 11 11 11 11 11 11 11 11
9 68 110 103 117 102 104 99 98 104 103 103 99 100 101 97 96 101 99 111 99 101 114 123 107 116 107 104 101 100 70 68 73 77 102 106 108 96 90 103 104 100 100 77 32 13 10 10 13 84 90 72 54 52 49 25 10 11 11 11 11 11 15 16 11 11 11 53 57 93 90 40 5 11 11 11 11 11 11 11 11 11 11 11 11 11 11 11 11 11 11 11 11 11 11 11
10 14 82 95 97 102 103 103 96 91 87 89 87 92 86 89 91 94 94 97 90 88 85 90 92 83 83 77 60 81 77 84 102 94 95 89 97 99 94 92 90 80 81 79 95 85 91 90 97 94 94 70 82 91 71 45 32 11 11 13 11 11 12 12 11 7 11 59 64 79 86 89 82 53 25 10 7 9 10 11 14 11 11 11 11 11 11 11 11 11 11 11 11 11 11 11
88 86 78 84 49 103 94 83 93 91 75 89 92 89 99 80 79 74 81 71 68 68 61 65 58 58 53 66 126 117 107 97 92 101 83 63 76 100 90 68 87 74 77 66 77 99 64 67 90 92 84 90 107 108 101 57 14 10 10 80 16 11 39 43 36 50 55 61 98 71 73 71 72 64 83 79 77 56 60 62 10 11 8 9 7 9 7 5 13 12 9 12 11 11 11 11
89 83 87 60 41 84 82 77 80 82 79 77 78 74 61 55 50 54 56 58 60 59 63 75 75 88 96 92 87 88 97 89 85 85 76 85 73 68 65 69 60 61 66 58 59 59 61 64 77 86 83 74 78 65 88 80 89 72 83 81 85 89 70 56 56 64 59 77 80 79 77 77 78 75 73 75 80 85 78 66 63 62 64 82 82 95 84 86 59 22 24 35 12 11 11 11
86 87 85 69 51 66 64 64 67 58 98 95 84 84 94 90 73 75 68 70 82 97 102 108 115 88 78 68 79 94 92 94 95 88 82 80 66 63 61 63 61 60 66 64 60 63 57 62 58 68 58 56 70 79 68 75 71 95 70 65 85 82 68 84 84 89 94 92 95 96 84 85 76 71 68 58 96 101 94 91 86 87 87 82 84 81 77 73 70 69 9 9 12 12 11 10
73 64 72 84 76 56 64 46 64 93 79 79 71 50 67 87 56 91 82 85 80 76 85 80 89 86 80 68 63 59 63 64 83 73 76 70 64 65 66 66 66 68 69 74 63 58 59 61 56 41 32 56 54 60 83 77 80 77 80 78 63 65 68 62 70 86 93 94 82 77 77 77 75 69 63 64 59 55 54 56 59 62 54 59 57 59 67 80 66 53 61 68 87 88 97 101
66 67 69 65 65 63 65 48 53 21 42 72 58 73 72 71 74 75 77 80 73 61 73 66 65 63 64 69 71 70 71 70 72 84 81 82 74 72 74 72 69 62 69 64 63 63 58 57 55 59 61 63 63 49 54 89 85 76 69 73 65 59 70 76 74 79 72 91 68 74 61 58 67 61 59 58 60 66 62 55 52 62 60 51 46 51 62 66 68 70 61 69 67 65 75 69
59 43 49 68 53 53 54 50 47 52 46 37 58 63 63 65 67 79 62 73 69 71 66 65 65 65 64 66 68 67 67 70 71 74 70 70 75 72 70 69 69 70 66 64 61 60 49 65 66 49 64 58 62 54 54 80 69 73 61 66 72 58 73 59 64 73 86 119 82 62 65 72 70 72 63 60 61 68 79 71 67 58 50 71 67 63 68 66 61 69 69 71 59 65 69 63
56 59 44 44 43 47 40 46 44 41 40 67 54 49 51 52 59 58 52 59 66 75 63 74 58 60 62 62 72 72 68 69 76 78 75 77 79 76 74 65 57 62 62 60 57 59 70 65 64 57 52 65 54 47 66 83 84 81 69 63 73 81 64 69 61 75 81 104 82 73 60 68 61 75 59 63 61 56 64 54 63 59 62 68 72 67 66 69 80 63 72 71 73 73 77 78
61 52 47 40 49 49 48 51 46 42 43 68 65 56 55 57 48 54 54 61 61 62 63 59 59 62 66 67 61 62 65 62 61 66 69 64 67 68 67 65 60 59 58 54 51 56 49 55 77 68 55 57 58 59 54 73 88 82 71 67 80 74 66 67 78 72 71 74 80 69 57 67 78 94 75 75 82 75 64 59 58 65 67 62 67 65 58 68 68 70 64 73 83 83 84 89
47 45 37 49 47 47 48 45 45 41 42 51 51 49 50 48 48 42 50 53 51 56 57 51 55 56 56 60 57 57 57 55 58 56 56 61 61 62 57 60 54 47 52 51 52 51 76 62 51 62 59 44 53 64 67 59 53 55 54 70 74 79 71 73 77 85 85 83 73 61 62 72 65 69 92 98 86 72 60 69 55 65 58 57 69 54 56 71 75 84 73 76 76 86 70 72
47 44 50 41 46 45 48 39 41 44 41 41 40 42 46 49 48 46 43 42 47 49 47 50 55 53 54 54 54 51 54 54 50 51 51 59 55 60 61 53 46 46 44 48 50 47 55 54 60 62 70 86 44 51 47 51 45 54 56 56 60 54 53 46 49 57 89 84 74 66 72 70 84 73 74 81 80 77 76 65 70 72 58 54 64 70 85 79 81 76 71 78 81 81 70 77
48 44 46 45 51 51 50 45 41 41 37 39 39 40 38 47 50 47 49 48 51 46 53 49 51 50 55 54 55 52 55 53 46 56 57 25 49 53 50 55 50 52 45 50 49 62 55 58 57 49 53 57 50 53 51 49 54 54 48 50 55 46 52 62 55 59 44 72 106 82 80 69 74 80 61 55 64 59 61 53 54 60 54 73 84 65 73 77 72 67 70 72 66 69 53 69
48 50 37 38 43 46 41 37 38 37 36 34 32 33 38 30 41 45 39 42 43 51 47 48 52 52 50 52 52 56 52 53 49 55 49 58 56 46 46 52 56 45 49 42 54 54 52 52 52 50 51 52 56 53 52 57 64 53 56 54 57 45 50 48 55 59 65 78 62 74 98 82 103 84 82 54 63 56 57 61 67 62 77 70 87 64 68 39 29 71 72 70 73 20 54 71
43 43 49 43 39 39 50 41 38 39 40 43 31 38 38 36 37 32 37 40 38 49 50 50 53 52 48 55 50 51 49 56 48 46 45 56 49 51 44 42 41 45 46 50 47 44 44 47 49 52 50 45 47 44 45 48 43 50 54 46 44 52 50 43 53 57 67 69 58 74 62 55 54 63 61 64 78 63 71 67 70 88 83 75 92 12 14 15 13 10 65 6 4 27 87 76
43 46 46 44 34 42 40 38 43 48 49 41 34 31 37 44 43 41 35 38 39 41 42 43 41 43 39 46 47 44 45 43 41 46 46 39 38 36 39 51 42 50 51 41 44 50 43 45 46 48 48 51 51 51 49 45 57 58 53 53 51 46 56 59 56 56 60 59 60 55 51 57 60 50 53 51 60 57 63 59 56 60 52 37 12 11 11 11 11 9 11 29 56 64 46 47
37 39 48 39 39 39 47 46 46 39 43 38 27 31 25 29 36 38 32 39 44 36 37 38 40 33 37 41 34 43 47 50 40 32 40 32 30 41 45 72 54 49 45 48 47 47 56 48 50 52 49 51 47 46 44 47 42 58 44 42 43 51 52 46 51 51 65 65 55 44 11 11 11 11 11 11 11 11 11 15 58 28 11 11 11 9 7 12 12 26 48 90 64 6 60 8
45 45 42 36 41 37 39 39 39 38 39 36 35 38 46 40 33 33 28 43 49 43 34 33 41 46 41 37 38 42 46 40 34 41 31 27 52 43 54 52 57 59 69 59 67 60 53 55 50 53 53 58 60 51 54 58 50 51 50 49 50 44 50 47 54 55 69 51 7 13 11 11 11 11 11 11 11 11 11 12 10 6 11 11 11 13 8 13 60 55 73 50 0 6 12 10
40 36 43 43 39 47 30 47 38 35 34 39 43 33 30 42 34 41 39 37 37 42 29 38 32 30 29 49 40 39 44 34 34 53 51 50 60 60 55 69 52 51 56 62 64 68 54 62 67 58 55 59 50 49 58 61 57 48 46 52 56 44 45 47 51 56 33 6 11 11 11 11 11 11 11 11 11 11 11 11 11 11 11 11 13 6 48 48 55 51 63 60 54 6 16 11
50 50 51 44 50 48 53 48 57 47 38 59 54 36 28 57 27 41 59 45 38 33 36 36 42 43 38 38 35 36 41 43 49 68 64 76 47 57 79 56 52 52 60 76 70 72 60 51 53 57 52 52 45 55 49 51 48 50 49 51 38 55 49 64 70 23 5 12 11 11 11 11 11 11 11 11 11 11 11 11 11 11 11 11 14 52 54 56 63 49 43 43 47 24 10 11
69 64 51 53 46 55 58 59 36 30 50 58 58 59 29 35 43 58 40 24 35 39 41 38 45 23 34 30 36 37 40 43 50 11 71 57 57 67 56 77 57 44 60 58 58 49 51 53 53 51 49 49 47 49 42 41 46 52 50 61 46 47 48 27 8 7 9 11 11 11 11 11 11 11 11 11 11 11 11 11 11 11 11 11 7 50 57 68 41 47 59 57 13 16 11 8
63 63 54 56 62 48 38 78 43 34 36 66 81 39 42 29 23 37 43 39 35 35 51 52 48 45 35 25 39 39 47 42 44 14 54 48 62 60 53 52 53 50 56 56 51 53 48 49 46 51 45 40 44 45 29 58 58 46 36 44 41 42 32 31 12 11 10 13 10 10 8 11 11 11 11 11 11 11 11 11 11 11 11 11 13 61 49 45 40 57 46 53 15 11 11 11
70 71 67 42 43 73 61 39 59 38 39 35 93 90 57 49 27 30 36 61 59 39 39 30 41 55 63 39 43 48 43 45 11 49 59 62 61 51 48 53 54 53 53 50 44 46 45 47 46 44 46 48 43 44 43 49 28 24 32 41 26 57 44 55 34 21 42 48 14 10 36 11 11 11 11 11 11 11 11 11 11 11 11 11 8 61 52 46 51 43 11 8 12 11 11 11
90 76 77 62 72 47 74 60 37 38 31 44 52 22 22 36 48 37 29 33 41 49 66 59 32 41 51 35 68 49 52 7 34 38 51 56 55 59 57 54 50 47 54 49 43 40 38 42 50 46 44 44 52 51 54 46 50 48 38 43 43 54 46 46 47 43 45 60 30 28 48 11 11 11 11 11 11 11 11 11 11 11 11 11 12 42 60 55 13 7 11 11 11 11 11 11
85 62 75 71 69 61 49 40 35 33 54 52 63 50 59 51 91 68 44 51 53 62 72 82 62 54 47 29 11 16 24 74 66 52 65 45 56 58 55 61 70 49 66 52 46 43 41 43 43 43 41 45 44 50 49 49 46 45 45 34 30 44 31 54 44 38 54 58 29 35 47 11 10 11 11 11 11 11 11 11 11 11 11 11 11 12 55 37 9 11 11 11 11 11 11 11
90 98 85 60 36 48 64 46 40 44 49 86 98 43 87 81 54 51 30 35 43 74 78 36 51 59 53 60 55 76 74 53 50 39 44 46 49 53 59 90 100 75 72 62 69 46 44 43 43 43 47 53 53 53 63 56 48 37 38 42 37 47 40 42 46 45 47 47 6 17 36 47 11 11 11 11 11 11 11 11 11 11 11 11 12 19 12 11 15 11 11 11 11 11 11 11
112 117 91 85 47 47 53 62 52 82 120 108 158 128 151 150 174 155 95 66 84 82 89 70 55 61 63 49 58 82 64 64 42 35 39 40 53 70 91 110 134 109 90 95 92 73 52 48 46 51 58 59 52 57 66 61 49 40 38 39 41 35 43 50 48 40 40 35 11 11 36 41 7 11 11 11 11 11 11 11 11 11 12 13 23 8 12 11 11 11 11 11 11 11 11 11
115 110 105 89 72 57 73 75 70 153 121 145 149 189 170 105 173 156 144 131 100 79 93 93 78 79 70 65 90 107 79 40 47 61 54 63 60 85 114 126 135 141 81 160 118 96 65 49 43 54 59 60 58 53 51 48 53 44 34 35 50 45 63 57 34 53 40 67 8 4 24 1 15 11 11 11 11 11 11 11 11 10 14 20 11 11 11 11 11 11 11 11 11 11 11 11
115 117 108 124 61 147 97 212 93 60 98 131 154 168 95 154 202 201 198 132 95 75 88 97 76 81 92 105 105 86 87 56 66 74 95 105 110 124 133 134 147 147 127 156 108 61 44 50 67 66 66 58 62 51 44 34 40 38 51 49 66 57 52 42 34 32 39 13 11 5 23 10 12 11 11 11 11 11 11 11 11 10 19 12 11 11 11 11 11 11 11 11 11 11 11 11
121 106 91 114 123 111 80 143 159 126 166 68 116 142 184 139 195 224 220 132 127 126 102 103 80 116 149 147 117 132 120 136 129 135 151 130 116 108 142 142 141 140 120 107 80 50 53 64 92 90 74 66 56 57 38 36 45 55 60 61 62 47 34 34 23 34 18 11 11 7 40 9 9 11 11 11 11 11 11 12 10 13 11 11 11 11 11 11 11 11 11 11 11 11 11 11
163 131 78 120 127 90 128 136 168 193 205 192 139 119 138 149 164 192 155 208 210 173 141 157 116 107 145 157 146 168 163 169 179 157 151 154 170 151 146 146 168 139 100 109 76 64 65 96 120 107 97 95 61 54 36 41 60 44 53 57 47 57 33 29 36 31 17 12 13 21 0 40 10 11 11 11 11 11 11 17 11 8 11 11 11 11 11 11 11 11 11 11 11 11 11 11
112 81 74 126 125 131 154 182 208 222 248 205 155 175 211 201 150 163 189 141 174 187 187 226 197 197 187 192 186 180 196 197 201 212 185 188 191 201 138 96 96 145 156 135 112 74 81 122 93 111 110 78 74 54 50 34 55 53 56 57 52 38 35 39 35 7 8 11 14 6 8 8 9 11 11 12 0 9 19 12 11 11 11 11 11 11 11 11 11 11 11 11 11 11 11 11
79 90 111 117 163 135 138 119 194 193 214 177 179 148 131 131 151 150 154 175 195 216 184 219 194 167 212 221 215 235 223 217 196 188 241 232 215 192 188 171 208 169 130 77 69 98 103 145 112 101 78 63 57 48 36 47 50 41 63 68 47 37 42 15 12 11 11 11 10 23 45 11 14 9 12 22 9 15 11 11 11 11 11 11 11 11 11 11 11 11 11 11 11 11 11 11
162 183 163 109 74 88 108 80 132 132 86 123 150 161 148 146 136 167 160 172 149 155 199 218 202 194 153 153 183 199 200 210 213 243 225 239 243 250 217 194 181 148 69 128 123 131 116 108 107 78 56 63 61 50 54 38 41 37 51 40 36 34 12 12 10 11 11 11 8 48 48 42 41 20 11 6 12 13 11 11 11 11 11 11 11 11 11 11 11 11 11 11 11 11 11 11
85 77 68 102 101 68 111 109 114 126 160 202 172 181 192 216 185 168 169 176 177 162 162 161 157 171 195 209 154 176 193 226 222 215 205 237 248 226 234 210 173 140 80 111 144 119 150 140 101 63 63 61 51 39 48 50 52 47 9 38 21 8 12 12 11 11 11 17 45 55 25 58 10 7 11 11 11 11 11 11 11 11 11 11 11 11 11 11 11 11 11 11 11 11 11 11
136 140 122 194 168 179 154 139 65 207 240 202 218 195 188 207 170 205 179 201 239 188 190 211 229 219 201 212 190 220 255 250 239 215 191 209 192 185 152 137 108 132 69 78 98 99 86 77 73 58 47 46 48 43 41 43 31 11 11 11 11 11 11 11 11 11 11 20 34 12 9 11 11 11 11 11 11 11 11 11 11 11 11 11 11 11 11 11 11 11 11 11 11 11 11 11
201 131 194 176 143 223 218 204 211 212 217 190 186 229 212 186 228 177 195 161 210 217 202 204 228 203 207 196 212 235 187 126 122 169 157 134 109 123 136 115 94 56 63 59 66 75 71 57 56 49 45 46 47 31 47 36 8 11 11 11 11 11 11 11 11 11 11 1 21 4 12 11 11 11 11 11 11 11 11 11 11 11 11 11 11 11 11 11 11 11 11 11 11 11 11 11
